107805396
107836034
107865776
107897233
107927737
107994724
108026235
108056142
108122062
108189210
108219006
108251060
108281632
108378186
108417892
108448439
108478629
108508104
108601263
108632239
108662677
108692089
108774232
108804226
108834012
108928870
108959034
108989411
109019098
109050502
109117595
109177902
109230836
109329768
109546668
109800330
109868871
109900352
109963646
109994299
110649745
111126001
111153529
111417920
111445202
111473407
111501208
111564510
111592095
111620064
111648105
111674988
111741025
111768467
111822469
111849660
111913411
111941878
111973889
112001524
112028962
112093664
112152274
112332421
112480979
112509421
112554725
112616592
112639209
112667256
112696045
112707682
112791705
112821507
112851540
112881367
112910436
112978907
113008027
113078295
113109450
113177828
113209719
113242991
113274964
113307191
113378105
113408928
113440669
113473876
113507140
113582254
113614852
113648937
113683363
113798004
113922385
113997289
114029291
114062404
114565575
114754364
114798578
114961523
114997185
115035070
115067654
115157607
115197815
115236103
115398669
115508421
115677162
115714360
115750676
115787867
115915858
115989142
116025862
116120520
116154338
116192980
116233645
116271261
116350469
116383785
116417027
116455089
116486540
116582146
116614119
116666874
116781976
116813568
116843746
116868495
116977651
117101529
117186196
117250283
117281881
117316418
117382706
117411094
117441559
117471997
117899217
117932011
117965559
117997831
118101997
118131247
118160113
118197388
118230454
118315455
118342879
118371996
118402196
118434814
118517327
118543566
118590151
118614891
118671489
118695277
118827954
118867293
118912318
119095393
119138613
119185835
119234586
119280231
119400853
119451763
119509251
119567220
151234955
151308099
151324957
151331517
151338192
151359861
151367009
151376043
151394472
151424199
151433077
151439317
151460326
151474332
151482095
151489592
151512194
151525344
151532581
151546593
151563091
151569746
151586833
151595157
151613246
151620872
151633339
151641814
151650339
151669868
151677790
151685289
151692751
151700416
151719320
151727475
151735563
151743360
151750887
151771184
151785654
151792881
151823567
151841363
151879684
151899049
151986114
152006725
152076342
152106171
152112948
152131973
152139942
152147245
152154955
152161651
152181254
152188808
152196284
152203764
152210906
152234689
152241396
152248400
152254917
152261243
152275256
152286595
152292984
152300114
152315430
152321338
152328353
152335041
152341657
152359665
152366733
152371692
152377837
152385580
152409971
152416181
152422302
152428684
152442954
152448965
152455303
152461686
152480069
152485202
152491316
152498740
152504037
152518917
152524645
152535299
152541194
152567040
152642098
152654640
152675157
152701324
152734315
152742778
152765922
152785370
152802202
152826542
152840224
152845792
152852336
152869150
152876229
152882935
152889293
152894644
152911056
152917257
152923303
152947213
152953527
152960098
152966511
152973855
152989930
152996112
153001935
153007344
153012504
153023431
153029674
153038617
153043555
153056617
153062171
153067370
153072923
153078310
153091837
153096893
153125683
153131025
153136768
153142956
153150213
153163581
153173396
153178183
153182977
153194819
153199756
153204882
153209990
153215476
153227973
153232681
153237789
153242902
153248021
153259961
153264849
153270176
153275190
153280311
153293510
153298472
153304175
153309504
153314790
153328480
153333688
153339287
153349518
153362363
153367542
153373029
153378612
153382735
153396255
153401529
153407420
153412952
153418479
153432567
153438144
153443747
153455276
153469562
153475119
153480416
153485717
153491150
153511104
153517217
153523200
153529300
153540119
153545388
153550727
153556734
153562127
153567871
153582996
153588374
153593500
153598217
153603469
153618860
153625126
153632918
153641531
153651128
153670770
153671685
153680191
153681098
153688482
153697612
153707068
153730436
153747794
153755900
153765823
153787864
153796624
153805437
153814493
153823092
153842232
153850761
153859495
153868426
153877721
153896913
153905193
153914327
153931951
153952619
153969374
153978596
154005705
154013213
154022436
154032151
154063462
154079442
154088675
154097593
154115864
154123642
154132611
154142198
154153553
154176918
154184909
154193492
154203599
154237929
154247133
154255688
154264348
154272595
154290699
154297834
154306342
154314661
154323077
154340602
154347746
154356293
154364521
154372572
154391279
154397959
154405398
154422830
154438391
154444405
154450076
154456051
154461575
154507046
154522773
154545020
154565948
154579047
154622491
154636666
154649472
154664703
154678678
154717357
154731241
154739423
154751067
154790362
154801443
154814093
154837537
97431946
97715283
